239597514
2011001274
620912029
1382110629
1184350963
186758465
1606967512
954882530
237251482
1248746745
837369153
2041089737
618411686
1655090147
2067320543
1382496228
801970294
1350662907
1520626787
1396829181
98604146
1165248970
968663381
1349784834
1920171084
1301120537
2067177696
2053983234
1317185753
1680235712
700963638
1135096660
2021156486
1380418972
392937377
716804310
1594486648
1721867422
180245800
1902611027
2092182852
53524992
846787546
1400178174
417373256
556538771
1479870650
659247387
892258980
1004392757
2017914438
1877757629
510430424
327908958
1801028518
616140970
1225695740
567829209
1746127982
750836826
1780294038
1914305679
1914471184
1048886814
321039643
1427879038
2095327201
1119874142
123928325
635644105
1918678726
579624187
1376588173
1263388138
281988475
868421331
2045163270
1643741443
971943039
125282658
582163926
99984721
1825578144
1044591749
888363537
559269569
2063524638
516115035
825732787
990907293
527568511
1751598404
1856630906
431038303
1726678511
1299909643
1885666398
847462566
1362486609
1937194528
405986222
1827339334
1615810534
35168766
1594544073
169035642
1582072728
1555879851
1438785397
598461237
1470437092
1948283230
1853235167
1150767766
30042979
1224389690
1994625839
1091923577
342851315
875914041
2093422279
5341225
1462003078
1405294116
690223897
141720884
261313927
830258878
160071458
1802100312
1667354852
1008147969
1825311111
1526025113
437720252
994773888
1385929034
212711284
940677543
1272418539
889341993
1689762605
1445465756
204667825
1660115091
970204741
380557443
531637952
306768200
625791752
115458136
363814504
1286211724
464056898
1136794104
558260317
1340899591
961880081
1844727180
297867739
1259362876
1805562838
1974226319
362079716
177776292
665247045
1424434045
1375350181
1633999206
627654812
2074631450
360475894
2011659702
1438311409
2052375643
1502526720
910870983
979460004
1580231669
515057402
1549870958
741303283
1780267649
170205452
1808231509
1804780971
1385414217
660322132
117447640
1565615100
1244181426
155058950
120237183
1249204582
1747601477
1051505070
384789273
750651856
1543619675
103644817
602420593
2138226615
1446176101
1227989041
1373103792
139242115
1578291926
784223216
671477583
1484337141
1175009197
1330549196
1722888886
932356797
370485922
1790440009
6612086
1224511529
1577070316
550449260
581680928
1618081527
549730221
1688273379
248090304
1877399883
768489468
1080713026
1533585657
474201020
697657740
2016826984
1797819582
1729676168
1847071741
507732224
592741290
1515144680
1741766335
1429233955
1700577021
322681471
1229412255
546407963
1117391412
1365189356
755660784
2131721027
1410059588
1640372606
477729367
1438081802
1757526130
1264900359
1938846514
1355300886
824054738
1580380105
1274355109
1798475396
414403674
591163277
840544067
1296625486
1271855265
1183616211
1731236950
686614470
1919823674
1572912932
1149466316
1274074943
1945807015
1250956419
1830416830
949511371
862832380
1551993346
2015605661
2050148126
1911438610
1740790640
166353147
1826515089
273592164
1099717680
1019865588
968591683
1637828745
1610599205
611550263
206283098
1743379278
953758665
573332404
345335143
533711983
388173405
24370148
1476488935
1102749170
2097934651
605967280
1457629926
1665373729
931480903
673068543
508940479
251960354
307990404
1452054751
1474380542
1540097076
1412989378
195181903
631954534
1070507400
1536173173
1155336614
438651662
1150235578
1526565794
1243775140
468106150
1785165290
1512614130
1324244756
752924375
1049597308
118877417
304425498
2064986824
97082984
467241264
2023036959
510917310
68741950
691226126
1949064789
2077994715
215078586
213187829
2131922153
1517010439
358067455
2145708601
247677893
982047724
1239545460
510535644
446900735
2068550939
1644156472
117752708
535605729
598262604
136107587
1917321614
417387413
1788724162
730340122
331644731
394299501
287732173
2031671598
1952515592
2002153677
534841193
1730053586
1176240668
1252306614
958670340
1131994583
472690139
1413586671
1762486621
1176206279
1333404824
1630452433
735250056
1753372602
1326165607
1847561392
1703483662
1062742743
1236842255
39534817
498294833
2087014507
789840414
21101933
1048989261
2070765215
1484049943
652724817
533097561
244011225
1899608263
491353198
769864589
1635761586
302798518
1262253331
794468126
350368399
724144056
184649765
247781413
836660958
883028643
82983657
859536797
918018287
1648775707
230448494
21375627
525936236
1990728840
1000530074
204340280
1901843063
39452969
837438159
481557146
802331487
1368691778
1972342073
1388471505
1113317886
1135330417
1967825846
1106183117
1479828657
2021462815
1296763235
883213580
1221619701
1833673233
1672653760
1504509825
1200176794
1132349470
1043637887
531948688
684581799
1233452795
1174909422
678543158
681752523
871242802
36752893
156156742
1773134971
260630322
933843950
1681477326
1229932204
1417297535
1001142426
609001368
160662319
1988173322
1630071130
1575755468
298174116
460585115
462867864
1080788147
368397084
459077226
902502130
1523988118
109796687
480922318
463677959
1507549381
1124612982
1539896077
1676708322
679112371
850970567
1129533522
1102565377
266576703
955951243
1172451004
790813441
121287437
1344540637
2074471314
840891879
1302684435
536741121
1029082261
623024653
1047416112
1318299998
652524142
446836135
1747193078
1501991705
2076356679
234062065
111097480
2059401040
1807438454
962477047
1356700063
1322778096
457096787
428068608
1959228071
2038970676
1877919018
1857894296
1012616198
1251203770
1730864204
606850105
864514428
325050435
1199729728
1789057173
1078196133
1956581895
1080862999
1977775235
493779356
1738099891
1754398173
427335555
1956171450
1028862209
2003698987
514083567
898505340
248705777
977397978
2120654017
266713218
1318101673
391070418
86594811
162637492
2003560678
1615264000
614850487
1179529087
1994838302
987539046
1671904715
1001567805
1585765172
866534220
1115262488
1736419251
1957113559
620289684
1224515952
1166258355
867330680
1819171371
217817889
1337097442
207103974
2068659356
1128431650
94986132
1965420679
1464519102
344610521
1006790867
1872558901
724612238
459331975
1073514623
632401330
217242647
1313025361
1921483151
658996170
769041805
2145611756
11308917
1705860612
9741690
798535139
1924710304
1961409028
301361680
669758344
899424539
1935685248
1568495772
1974452853
180423763
1976931549
1715253276
1438438846
1548805366
1731545701
325051111
1523695285
982505462
993276711
1492621706
855573592
1355757484
1671387244
465227956
417337179
1032730650
138896593
512664647
1198968014
467332425
674299910
1912502670
676761964
1744932305
2043472929
1903647374
1166911359
355867511
51273376
1798599797
805933426
1027912688
2128850682
1131924271
380152565
1217850308
2071794912
285824024
309097159
1075885390
1166987285
19384780
1944741667
1244493280
1140306919
1597614873
1909325513
2125335299
176861257
365033238
1855776935
162701787
164205198
1099126861
1704418340
1061642921
499701700
779456787
371254282
957944427
332925611
1935416057
1866116622
2083974302
1653065552
294259547
1742670076
102307620
1373511243
1775136533
102652803
132592192
463188369
918908758
1750629787
871409341
16745719
989704588
1316093582
1132491822
1914510404
732333183
722698666
349200721
1647845617
99781754
1064958850
1174114445
1448241535
790872227
700529115
2022611611
718068853
812690284
578732090
701722945
541673717
1438646306
429499144
1616473144
1451421434
1740027811
1814866783
1939735087
792006961
1877345837
1888136563
625004520
1459784304
740924497
2127666080
603303809
877068503
1503380742
41385995
1100071373
1131016322
1326191321
1686447864
188509153
1465214952
1270771266
157606824
320563883
649457619
746813202
82344429
1575042747
2034678012
1008225033
168810060
915886630
1531234626
323675013
1120591564
1408326271
30769799
1388403796
1493911137
177051910
89685287
915772842
1251994864
1323154141
1675776022
2019279662
186775039
2049850229
907903125
901880367
726949883
343821064
1428714385
31256820
1448707620
1723358015
207280792
949731632
397317913
645633011
466269816
62168980
1469295100
1613271568
1200662902
1444272767
1728560193
426242710
1305277224
1598198225
1399489048
1543982009
904531952
1987066333
415929205
250697257
1815057941
715922300
1602559928
995108972
755468927
553091902
1053094398
448038502
1694631695
608334268
1816211459
915105531
1497803929
681033481
1190714802
1633350091
1029765759
2009776967
1697566540
827479836
516703723
1906685525
641356848
768345046
1844816552
890837158
293307468
77058983
188084126
375363373
1636219425
140182342
1512765672
1955527796
67724140
19776725
1853358484
2126897356
1688400502
268073056
1005418230
1194257311
1167022586
1109437059
487387049
328046561
2032999854
1839078183
1667979299
890604965
1908384112
1621241452
490409716
185385676
166658318
907299235
1139362459
910800088
1125210802
962313842
349553413
1780624863
719197672
1858078235
1952528547
1056188058
2137674062
891432662
880743206
842626973
517357783
767327578
205517274
691022753
1652942523
1831036027
420390812
1487693053
1220292863
1980962029
439794810
2076567604
26617244
214370086
727920357
182615463
508847951
2093810018
1555418773
1178565739
909901052
26950592
1786981114
1840246837
1337714112
1942578314
1631891290
132770930
1704174482
1539729042
1133651595
1972682355
1729070740
1264645047
1099792463
1483919558
1924276988
932640135
650072647
681390496
678362009
335554046
1519398550
1307823734
1519454981
585773677
1743948307
298096298
1932031334
1157687926
336759850
1700583266
1510296800
792927539
765248080
1759199861
1366946459
774694519
469913888
2135831167
352206444
1133137452
934337815
1896930836
1156921122
1030831067
1528693992
1418939409
15320432
1183834187
610920317
1399061262
842230642
174905152
1574555532
445599215
1387965149
1703437157
136560337
1096282010
388326344
1168262724
1981100781
1762426819
1672353297
131978865
824909275
2003958498
1944948589
959845831
2010557451
1342140230
1720528912
1942858186
1208619549
1176416580
2127597557
2101524524
618806331
1827594375
1640492747
1030539627
678811923
448835723
1617524860
1508570007
547347056
886146597
828770394
1405792049
1319314804
432643130
1307489512
225695791
526830708
273842576
1449856579
1577876765
140889200
903766465
1676974380
1288650333
1910695981
1435347787
267038898
477699983
1092672241
1328006341
616208512
1495256331
250133723
460628781
615131585
663713675
992744156
1225798492
1907369131
1826588646
1403888726
1479387290
1657524399
828345591
1492373583
735044174
1082012988
259122588
1543027794
886913742
765580586
1535101146
1001936610
1380462933
679638730
235564574
293717916
2120974610
2019893895
1175926687
1970374376
1406097245
910762552
1827725535
1666381659
469138180
1194158854
848679759
1459354285
1286428356
926055413
474735378
2074254418
2025978067
1042766608
1859376602
55872438
1596668314
1745943349
398145007
1144635418
1486248833
1772483706
997266254
1682391046
1110808034
506272059
1479177454
387753578
446635295
1078727106
40721437
1687592789
1907579343
582731921
593845257
449459793
2147098899
1797984590
2031282011
1866494041
399630343
225743948
1293325822
2131184503
541641812
508799154
845923582
589618686
229067747
1939105610
1761219211
415952737
1337189804
1056301032
899373084
1844774063
1554787756
1027210100
1043063984
964721324
1458781685
986526871
1570036015
1491986317
2041409247
1672016126
2140973296
259300943
2131370076
1328932174
499638356
1032113588
83330666
1067486628
1708422031
1659000027
394889889
216556743
1098643335
1472857979
849081580
1737696237
1112360660
481606588
1195978068
670561575
1504982248
1072110513
416418040
1781211753
80613704
833803382
615003161
441543482
1335090424
1002265827
26471250
1915407092
1867461621
1315581418
1132910053
1234639289
2002586844
357164691
2142827311
357798386
1561432232
1976399248
474590526
1071047813
172125337
840172159
1861108345
950150547
229711919
773583037
1750587517
423066602
459598165
193656289
823044617
281812238
1427902619
1430707676
1302651407
257540063
1853257628
1608005291
1786435051
1452036071
1702325119
1202306486
1945596079
97209154
211475864
2118846665
842187165
1256903978
538592302
696943788
1673379758
696723231
239043928
1914864480
563180623
541960879
1994944000
1568060409
1465966379
404858343
1321424649
35323411
1789658403
1237255254
1735768717
2134006514
1965538395
433874618
552049471
46392890
460646254
309740362
2105196528
479068231
953872833
1149206687
555935021
1430453290
1994686197
877696320
306456325
1528329025
695885686
1534383561
1829700839
466221170
1418198064
1820736438
719684010
1128367364
1349880674
1950518993
1430978983
816027929
1106739339
1250523958
1729669377
119712204
1157089664
1294056960
290069509
1146951395
819235487
630993554
1725080492
1287815729
2130258974
1577986692
313055293
858849931
1326557821
1246304807
1689719823
1229474916
182795290
2068595639
1338052717
561547784
1046773219
160279324
2142449298
1412709745
533231909
1661090909
995495635
1116218826
987952259
1612820130
1311324124
122798717
118858243
1176587747
559001618
1425845755
1609358403
1827239219
1496681240
28879368
909362377
1199317923
1185647981
1528682431
497202551
1648342484
112601139
2043819306
1864767261
176647709
1957900043
1704663670
407555881
107222357
1155385883
1945571542
918460025
1038196285
102123057
1787297015
371567441
872109453
2050721025
819672859
1810657384
341756057
505147274
438094549
1330817821
472788128
1363143831
949794911
1289171655
1509273777
1756233058
1851830683
1720058666
1351861307
1852359251
1290431653
999801861
1082850351
468273638
1384269329
141621192
1404362964
2086415274
106400966
494936930
590843431
1913524581
843280758
719151417
462729452
962359381
1855009721
1023602995
1430719061
1959351441
159237829
597522417
306988110
1436369038
181061580
661372700
483098723
955269822
660881394
1385228503
895855439
2049147731
2136361962
347678804
927153954
333884450
1221026604
1629499778
2101591565
1006152866
1056807124
17412580
963497933
1644788755
1883295770
615466109
847481778
261790651
374439530
1009545960
1108154699
664157003
2060137760
11040132
1206153648
78709089
1422118114
1426490572
1374661484
732469799
1525394585
937471428
870570757
707874328
1526810124
1805532047
708915753
654770915
607224347
1949689886
500803446
2000300136
1872787094
498935299
1421742309
1050096607
611409848
1718154595
2130852564
1963944728
1759147843
1866061322
1879516592
1131667933
801170233
1062439065
411251772
717204339
2074252852
1075474650
83014784
414999103
2144836451
1723566900
1410846032
1931233158
1444014113
400623418
139950711
693591373
387607859
992262493
1303503233
1909259359
347849118
1181922754
1064233250
100763757
2067161379
1361151534
1627168070
1281885263
538974297
405441822
59476406
371288169
1389353061
398739444
642635108
546815273
286313559
466174539
1551927379
1006181292
2104175140
2062658667
1328743973
1752618624
1618925884
1041409752
397895490
1726950532
475244744
326464773
1265040035
443287532
1623486338
1208609062
1687214648
1288137569
921046832
802847523
194845692
1374572357
1277228478
433953960
357419411
1690620180
742610423
2554969
405760156
851097318
364638688
1303677475
1851620761
1171089681
1110193
1908289198
106697592
2401259
539220592
1118586862
1821241790
852050860
1066103596
1338514649
526371663
239709298
98422740
1769642547
490426332
1855287391
1070636722
127978117
1230612969
1125250525
1044069767
155360044
171676538
1661206530
1306908483
2146410637
1921370969
1359354638
441082721
340700006
1440961799
1015156497
346030301
1143480640
1677430077
774085290
1532413651
159394305
1914748189
1444730858
2083636406
1565844637
2042394106
83414358
2114882601
1214641389
1615437760
801033483
449134205
204332184
1249952770
2121360380
1124186056
722121005
500809630
714980184
1965429150
932897107
1246668047
1188851207
2127583087
699128599
1291729231
1844638802
1243670141
1172538725
1737037159
416606114
1375507319
1101700754
1181423252
540442720
1927106487
1038955030
180578072
1691734012
301312021
1378318167
345508250
255219977
102176614
2030603168
1044803898
1549977478
1787872917
500799792
1596018742
1937943352
1673262171
1559174511
315909938
1003370034
281337502
584261692
128565031
835199351
437430116
145903201
467163115
633731510
1159614322
2114128168
674952536
1456551475
892371077
377265415
365843740
1072667591
1577025836
426111350
1170257693
151490046
2099399744
254157794
1985036934
2147291230
526607873
1895210938
1608282483
1282300359
1858971855
1807574438
1172000053
1019411446
1198973826
1267684311
300803394
1009697059
1462748006
71655801
937822908
519668171
1828594646
1510793029
936245916
1190089864
1748925811
302640948
2125938811
2037422619
370855682
1210352974
2069412861
156206988
1649474016
1997235104
1422349018
1621160040
1269312546
1736287052
1451456906
335557418
76845645
1260551355
642669709
228739508
1593977518
1052778733
1885082708
1091706876
1655911512
1117623792
707063247
816870084
497832888
1802020975
1240363412
909351041
2104501974
1496851554
298152873
1401402973
1206756138
1850975971
1923945966
1337328472
262158105
1198357281
1155221290
1275190153
1293306123
672142445
1922689200
1918141827
1753370153
659019634
1567384749
58502099
298078904
2066416769
1124867857
668249253
1746759181
1357690122
1313524504
2142437766
1511799852
1069874728
227561332
1958355268
1105794817
1581738579
1176142617
634478065
1535797562
1826757689
2063576228
57041159
228922559
1884490918
2111393385
548341669
2000848591
419820959
596338967
320700663
1709552568
1067752591
846528266
657764533
810669107
885804441
723075630
260634562
1601789529
888568332
228423306
404333812
364467270
659524596
1139684208
1332834291
74228297
1033248973
983518528
2084601914
312796869
1028521299
876892628
931701307
823238055
1253387381
1353982347
18640031
1685342595
689888103
302567157
1614559147
957338702
1774101719
483757848
1621616830
1475019186
581442871
849290333
1672131575
371289362
653365817
700435994
1955993075
1685859610
195432281
1260807869
586377139
297981697
1923209620
762378897
1585942173
1179073374
1437971510
1885192496
540699289
1589237412
211837137
1074922374
1059832924
1425706812
1152576585
199563389
2094636481
1861811005
141261581
1893089866
1784145491
124848075
152790624
2000082516
1096267239
2114223113
1340644565
1912519100
1581010790
1501524412
323442649
995613837
1323191721
1201503613
562583658
768474498
97405
587653274
1768488166
1994039406
940048326
907591307
1641390590
584696140
1077250751
1560342540
929292489
577924579
1090488671
2070261211
932273141
1724321814
1301495255
1390079248
1085074968
1458819782
1829303352
57337620
1285237540
589179748
1691061810
1410656063
1367623417
1446982166
1236125944
2113738770
889754389
1216549509
404406079
599370254
1174005095
1798471489
367348068
1649757743
1760254529
289386962
428998061
551853576
978191211
996090204
1974579879
1166781308
1818768979
1017952749
656311727
1965724182
2036222819
1608580711
415991693
691766278
887013483
832970501
796348731
2069523641
1123078205
156479115
353624771
118874899
285454680
1859665934
591023686
178963788
214814140
360896349
866570521
1372026980
1424909788
1548924427
631381257
1611228484
1857630386
1410510618
294040511
1798761843
1245358828
846056262
1952273983
14791025
2055006020
1107142635
989440650
734044852
1736430061
1051695763
1714444644
676264764
1448409385
1113867040
1389495856
95737045
427691256
1476253330
1277862647
424655337
154036202
1305218166
1694155399
335358463
1937969942
1342781676
1364765368
237939668
88725283
931839315
901843146
2054072084
1806109827
545233299
687557098
1861672885
519240896
62556166
896776659
1777143025
1520617198
1999744516
1936566673
2120721886
1109252416
1454672649
974258273
1512349099
1310732727
486109317
1040365749
1182624121
1658501109
1236167745
1054993236
507464147
1468408368
2144218985
1648568989
994341324
1370617666
1723341882
736628715
1637500340
1616928733
1762870344
1293221140
1279953782
1310234843
955695468
223949836
1428227729
816117939
500069194
1584760487
1923389873
1716427272
1016712059
759103612
1704110057
976739675
1326641755
512691429
857542544
1830294497
212282992
799587106
915847349
1747830128
1569593461
1964171933
163598656
182592402
1935394307
601950536
1445359782
527391676
63091931
1675693602
1167850824
822385305
2088558802
1933687257
661605737
1367192191
2132807257
2116450186
19275210
2062644995
1469576104
811505572
1676941284
2033778600
1220643463
1899667178
492913089
1380131762
986543289
123749271
1162957176
346726681
1531182341
1957026459
1936883267
2008711321
224648930
1921521412
1906968894
770926822
1673371326
1524178296
1375623103
1683862269
1811930347
1542852062
543299916
1218392470
277196071
1145062685
1363252029
1258864054
385785030
2146023676
476761071
264157792
2031661438
578285609
310046626
1541464427
235883215
819411029
1292298480
1816709999
1460039693
1234164860
484099819
1211876569
46707979
281623874
1166748369
979608094
2021031782
1096994169
1003329390
1722508556
1721243243
1772688576
138419215
660055356
2037417894
1630337605
135689502
1006620068
654707208
136690090
673864799
1493983561
1773480371
2074739717
516842182
388995345
770614886
1527967490
1226722802
1527827638
294948480
35877924
1996329802
1530411223
1911144626
456745512
623127219
1817170985
147824198
150520458
1210290923
52889034
1304451078
1706087713
970031493
733097654
1194385354
4842469
161699969
1637619794
1953245346
2096976081
266148743
1225685542
1059717020
1066229731
1017659072
372762792
700344114
1397251905
852642130
1256759091
1868758867
855306102
1874388342
814003991
1852482572
305090009
1718130743
681672138
684199123
231973646
1020066504
2030877755
148035184
180320166
1923411842
1809310023
188940681
1555075298
1750789242
1584275781
1116835784
1381603221
2139690428
1121696956
1944947114
790694695
1098023206
224247860
1432311527
1330979509
1823907298
1765060393
1143534458
1342266966
1889098113
1202301980
1485843276
442280569
1493843121
173854661
162047617
672339818
79583643
527204707
184954974
1604077299
701793755
1173406259
605831892
1853870623
1127807517
1354923519
337019054
1425738010
1358238032
1136005837
231106644
923766580
157909386
225534392
1216162106
1756919044
1421674616
1358486237
1760372200
1039897257
1815029120
722736748
656231590
2112291884
874388341
1340189918
1689325763
90622465
856232950
1165697093
468348546
1650241452
759881316
1417988287
1886913442
1889843841
1381459069
202561028
637003401
600998532
747474586
579573791
230196748
93845358
567341441
440426810
1078688733
135017425
1018839016
1501131409
1553128338
1553014867
971184519
1741063817
1672489038
771803414
977367512
2091690457
1078246158
188180280
609249390
258160102
577110930
1142767734
1166544111
660397613
757378533
2133040875
1644374192
1593238234
1026315915
1239040759
13223915
603429493
1517426503
1224134970
833150111
1571202236
599971462
16637632
158004485
1230780555
786883435
1221942583
4956074
831135480
429852792
84035931
1413396270
1872235899
1335353046
21994866
2126409623
261501258
842189889
1966778867
535207762
14933444
1028699538
232855106
2085707208
630550531
113315818
946793366
269529497
583244180
1698208376
1448029180
1625467000
924804163
1784523496
516396916
939053731
776560911
1982633577
407920953
1845607421
1939838012
2002084184
151172895
1647484105
765251720
752648078
1157963028
1350114309
1553814389
467341123
1108000456
1063296353
1476891845
492279965
2011887977
20198619
1754618628
1249311705
1646821255
1428027896
216549183
1230362644
2031327511
2115376288
1742088658
626349239
1630085523
167738775
420254303
254465917
1283982910
16125076
233843931
1647366435
1861297798
53546496
554933698
770665131
1155635330
211237452
1667936107
1060535628
1075147674
869566703
1587135094
1074716409
1732338501
1829763323
1217303393
803188108
909337581
2112293211
1963886394
637854351
720317424
582367915
456642927
1801394599
702603968
403805364
2117461185
1740182430
1057548330
474335618
2126430551
1021190155
506301876
325726244
225825263
327497632
80462879
647328000
908732975
1617375504
1271783179
1472880080
1278285849
378739355
1428140218
231739197
1979390621
1442472503
1009344492
1023410710
2022731593
1927222877
1949202922
365334061
201558300
1726556525
447013535
180203726
2067456632
332153278
1173316832
747619549
953728053
540426310
1956758733
550462091
2006875090
1389840355
1789941327
206258357
395475654
1062645572
1456159169
1421382105
764033269
43313014
1657110699
1719400117
1973945406
2102460687
275422377
830521470
972703537
248060401
883464810
756014266
98291934
1188535739
1671154388
974349498
1075283912
1828971218
1357945925
449407672
1715935737
1184583175
190481909
372784777
1116429359
969983718
329975671
1046479870
45492788
833808026
1182916190
768152797
2020129355
1931864960
1254077436
21776503
1906734534
76880710
16164166
627694310
806062261
1231019455
354952915
1825918437
56064697
1371634247
1112925955
1940405580
1567572726
2092368334
1055092796
1301528870
1467967782
1775603586
1000369488
1560778608
1084089803
767273501
1907331579
1195372401
1867813756
2137731016
595347848
287199409
603464545
1812321963
716270994
1883223959
1455204026
2008869906
180709096
1653186978
154656665
652581949
1632909962
638149444
680700592
1538108612
1900422352
656195926
925758533
1887515557
734626986
2031118396
1595198018
1399878892
613480706
894466711
2036088168
1148039421
1907536446
1351684512
313189284
1101876609
1494489569
798501159
95219066
930046699
1704792657
1009783081
2119622814
1906333862
2006986931
1575034631
1671965089
514775517
169439986
1392703593
1514133192
1582304486
1203442655
958493102
1537797625
1498388300
2002272115
2100730382
1508437967
1603770487
1899465007
75181903
1672624589
2012570874
1783834276
388518689
1556421038
73559161
1168838671
1528364054
849707994
40195125
1588414748
40320064
620265205
269873206
1551545291
2039027561
431715986
336553236
278065008
1924285161
825804549
1942379617
1247274452
1023133992
2134897750
1961743798
1140967545
313010865
601693778
846446169
522608635
1516910318
1420977083
885463432
318943122
2105439878
1917781663
1781277540
1533284020
726311248
629883846
595556477
1283324632
11811314
1831661381
982510582
944505684
488048922
1661470767
1237800533
426987879
576049752
177182059
1943357162
1812819539
1418411159
1551777185
1108550104
780011939
101091383
956509262
1611125957
93299083
1830767816
1658254840
40496154
1135546220
2091194468
1659194747
316764919
291248758
1759734441
1760787585
1278715831
1692750440
1342186833
788050192
2067345178
1936168051
1686252657
165433917
267390997
1760410684
900698187
1948233214
1940218419
1066607361
1993226959
951808541
518994086
2111024851
1103608501
1129218633
1183708142
1558074369
1256220208
2109922631
111461413
1022036629
867938127
1541825349
76269028
1701009912
2137727989
104886095
1689699286
557628592
224605043
1405769179
714229463
2136358474
629699519
1967127166
1818836680
119461203
230277204
899600065
1744842226
1499470720
1558654117
1295821839
842490132
199304685
1720411198
1422203589
1532255755
114253698
48018042
2055387244
590041884
949446514
1441041371
398692099
1457778913
775296477
897585929
2030194548
1377941710
1529473174
834253674
2129363241
764308064
1462712830
194218842
1198839992
2110118113
1291174927
1843134471
908986298
705500122
572789109
1436644588
1423275961
1588816917
644194006
837796072
238060103
706379597
1460309555
72456954
1414387755
1842025588
51113574
918149276
1238493623
1632580257
2117449931
1805383609
1725448757
1734769813
31966971
1471745611
1114761344
103840488
544285364
169728405
1358427822
1488527061
429732308
262162170
2120923883
512649118
1505779844
1064726649
2114507617
21673117
680135538
1944495814
1917769555
1189998057
473664566
1949287174
1640447817
1125666209
1556113878
893557286
1184587366
727462872
1453444965
559483863
1540447957
1082724125
672107206
814008106
548426594
1990722469
744158606
1704427205
402821157
537107224
1885620743
887613120
385850456
1067345653
180422225
1762817567
27930442
965812130
216670116
1384809963
629394029
1921477140
699066288
960497647
1052680841
865799703
1685431845
1164422924
682600979
1606420282
1800472655
20382522
1263382168
1215330907
702654680
1724087067
438803284
1995323851
432345521
315315517
881529568
383787549
1059568140
2023787245
62239239
1223440784
777364097
408540850
503213497
2094275606
941445456
477325421
1510579736
824696320
559354054
2127069451
712075440
192687945
1239314872
1474875364
838163396
30615932
921318444
853543859
358558915
691262018
739170328
808706354
133671898
1021508748
1467627586
751038802
1086725795
1844499033
221950278
502872340
453334010
1182331172
1087010486
2012077319
912057072
866624238
1002428507
1770779230
681715417
334847459
1049450906
1840349101
441166464
884102316
147365106
1624346432
695915643
630096208
530400674
871222552
1353369241
1726428359
855708008
1304545923
47219319
384423197
1192266851
1093706071
505906482
179049536
1389355290
504844491
2049387574
1171556710
109143701
724684273
1464882485
569587485
1375448745
1248223700
365415220
1960323056
1627584082
1546293034
1093219007
867101619
1824913976
1013864886
1975994173
1778933612
1817989460
1999530301
415849310
1692977630
312774572
974856738
375598768
1493628595
1078104890
860515744
1323518545
155818565
954367211
877366180
1436890815
1775953929
1097529283
1221584965
1597504716
1501488536
1368494109
1175555809
56525741
1691853915
409861392
869233877
1259765297
2123049939
492133870
851539416
866892046
1987149443
1251249638
174685173
556317782
363709306
1991299017
1187310883
22204938
477904513
885535721
1966676098
602842053
959406301
27212318
684129588
1718337945
552656065
385831394
2076075222
191398903
1996506451
1516370588
1718479770
1323621063
217539929
1889428986
1313681410
227654552
1857361536
1921752695
1501037627
160694513
965870409
610751484
44374804
1282190534
353328528
1131516067
1739606681
1101373446
300299194
883931030
1475878480
2139158865
1407102587
1498238998
433066767
861564103
1036067138
1723285144
180647544
701302524
1772582721
2054565385
318931987
1545923848
1100228380
1041697586
143063558
1816906682
219969325
1379701815
341770099
2002241516
734428274
123936314
1860884078
139452913
1830280724
252695325
1833923482
766893611
634980245
322357604
834385247
1813308602
778113941
1337423928
58168521
2002070095
846813504
1359292807
109005312
789058590
86779479
193539145
2052193888
1281714418
138465242
723953886
1278953013
845758810
2027938639
1436817811
1951939604
1653311745
1400693426
1539082564
294434776
772080411
1162843385
1935333915
1831516984
1503847420
939365699
1814263414
450219522
1206464963
624257692
974450151
1171104758
1674919475
780604015
785260629
1575421505
1897180066
509249417
152090943
1236245141
572165897
1344499654
1166073121
1344848353
541286716
679066202
2005863151
886007986
525439285
1278318782
738677694
535446310
655862153
1015667764
2014390914
418745992
155327228
615408121
1235037682
18551437
1157750320
45930503
1030909576
1771486250
2147106424
1591002244
962777764
424922128
1181171658
1914722762
516315856
1939092165
286732755
483541268
1280780318
1320375392
1839800869
1164780993
184829614
397348321
900398988
267152200
1030708812
1219851819
382558334
758257593
1437174582
1143174303
1854930608
1628740844
713408763
1372055381
2108234181
539478600
1100691838
1669378809
1679495969
277270834
586715674
2080552512
1234089180
387573263
800086240
1148402438
993899987
1672521720
2129783803
1929977606
10497240
1651710202
980266293
1607831093
591971593
1128108294
946973586
1085786299
1208395070
471381371
1352402202
1476202127
1956715676
1774526286
693265076
2045078189
1567639110
14875092
209850414
366458871
299300404
1983415340
1604473433
1276828070
22372635
966721356
363511121
101695851
431034764
1540108966
734620891
1019706662
413522969
1277645174
1329668327
705308225
1507632305
1136306859
571826228
370617515
530573069
297807215
1831527187
1983190893
1460868163
1138584661
56928323
2100196586
514914168
679766303
1177171451
1354454199
681997235
1337529128
1590274311
20071701
761400524
1649410676
1500533770
1901161991
1384500611
3774802
1075761378
438305812
779107501
875910828
36275752
1685187739
971649928
956023531
1705296598
169545166
1397917488
506069385
1001107972
167601229
1174247211
1352708404
1088653515
1668585567
479064862
1798857884
621834314
282291407
921463203
877174234
1965542855
424870241
2002317874
119723644
589540077
781812463
989004859
82951729
404037683
2021491493
1211043158
1996847630
330285918
612684245
1243076754
1746423418
786840605
829510136
622188778
1193524668
2102411474
127657026
1449355478
865387807
1024744816
1015357793
963916029
2024702656
51644031
1015365073
1736902663
1062546932
926849596
1417679198
1216134545
653257816
592974302
613932088
1174626874
2116988278
1330267380
195625900
38584026
1005180688
1835253994
461545605
1795149011
161754125
1423267499
452155646
1660952959
554956797
1634705504
444571746
2133024457
186591563
1328800086
2056132162
438033111
1636213758
450871805
531128147
1273024741
1605875499
72452620
381317602
63933741
796868347
882547394
1436545012
533079554
2051579221
1374686024
191809790
212825085
801854248
193292595
1768422717
1199643470
1647092822
349945637
1022033075
1806145588
1380405312
458171283
30784448
1651073159
1000474858
1406087585
1661155161
1963543666
1463677643
768798248
1706803943
42047551
158406452
31374042
814094782
1689514315
1846891354
1971001725
192794168
889200664
1309863426
1852121427
667111534
1551499649
441884104
1865263259
241395346
1099997448
1563781643
1586119727
1758957804
1996711499
1086156920
275472206
1537110895
597649302
219756850
1453116788
1443036919
915280786
1721492379
1382701158
1385870370
2048885786
166139330
1201138762
1307507144
1108208686
1249917033
454370290
298524952
1734128384
1404643761
659429177
1936216400
1380773420
229191780
1492610438
986330392
462032133
1790286303
1876022894
95609724
1674356491
712379546
1598106230
507649669
165576568
1530345814
483759605
742105458
961146873
1822373089
724127768
2041698456
288361594
1050764425
2077982720
1275985107
1977872922
212109083
1008275974
1053043880
773772094
1545340054
103702302
85048569
352809665
1887325809
203991129
1032690531
503373897
1595193990
29132932
1354120248
1230989237
1748886170
2123800046
10890772
786417074
402797193
1343082055
1800408350
1395381101
99282707
1174578852
867446749
1375271779
1854316349
548239776
890111924
696248660
1821008485
1414856092
178048764
1666320213
313416934
780225830
252362428
1627945477
584844643
1515932535
1362077191
2047962583
363314356
1168543510
1688165619
236693391
452704875
893654171
281161009
2053990856
1626404866
160308110
280816206
1995628977
951280802
1682026350
315626373
186739928
93932434
1362132685
582023486
1175464478
753563450
1086177944
1968537639
2105239499
332544723
1901270901
760921070
200253626
2101357742
933645125
121125784
674355893
363723549
1928806601
1198883201
1111906267
58549762
712846177
951369968
710126910
1720190706
2116846830
859675478
707752073
422261253
1794326489
358889252
79875806
1932843324
798938925
1196730950
1237876414
3865744
1945632480
2064667199
1976213282
1974849683
559535663
711611362
2094937510
1783457221
390503975
304749738
58924517
2043558518
626660927
1053712311
2137676768
1153745234
1318699298
1918412901
651289495
1719043726
178615180
984693899
264505274
678444462
1003401034
1463068749
301588857
1791664624
1136880739
1568140703
1099113336
2017243992
593564245
1457910102
449505758
61897305
1737393016
2049466348
1496856973
1526209565
1355299968
771220432
1638006892
1511238002
1266133534
714286952
205097183
1356116561
1549727429
1767488676
1670083160
2016626699
1618260618
1853858880
1189503239
771274770
916379428
18861718
1056421549
1193208161
166906387
1035964445
652330638
1074259593
748166878
1413129090
261363333
1814019673
1480981364
732885857
635789105
1429439786
1303322804
1727595936
1727536461
2020270276
1714338056
642089576
82683422
1073621232
851980076
1271525569
217633029
1813628572
321810189
444490441
1587570740
1266686884
590025420
928213905
1536340605
1342561603
1921261025
1534810261
1659799622
1620667157
1938229341
1855146197
930842009
549735624
147455047
292051860
487721816
1562288223
1067468584
2136920236
1468850574
1872683810
1481449891
818189452
1210674400
1387077414
1196429116
154554832
1113098530
2097620852
1180186681
173392507
500251398
192163033
1134575525
1174510292
576162543
580949322
298465137
1739261914
893188835
1340055537
2028696758
2146065252
1313155487
698286040
1701979670
1605640154
2020627653
2024879921
520793664
858353034
609651761
618011967
113829009
445774760
1750698089
1572182245
1891204568
1077675749
471873074
343357897
1002569522
459655082
1605249343
702675493
1333378324
1284887025
1008355333
2082083626
1082951783
1518557376
1066082986
172453393
1767885774
1032122180
1825867547
709745599
138214147
34341254
1878590525
233364755
844125791
446488268
1963667003
999253456
158934136
2056703886
1637193214
1629529122
1247323108
446517523
1055753659
1629583055
39786268
623587496
1153676454
1474485243
384461949
661250173
1611088836
652493463
1828725864
594739228
1977775582
1992902760
1692678024
1128772231
979219601
1508445871
1340661555
1722350572
757896322
1534455675
1567572458
1798701319
1852943024
1277099399
743384571
1768464917
1409361122
158947536
1876683846
1473678192
989280063
1442232
94319900
2015655372
2021036284
965309648
247836994
1476063244
1345595951
1249179974
1547747606
1067953346
859364547
1433807850
1055368137
1837886786
169237125
761262302
2005735626
11027553
1926509146
1273533914
2049602884
1461684943
1966257811
481005338
17780669
1125023502
44873305
1536809189
1368720351
1177758478
2013142083
2019207097
1028091988
859228519
1258595334
1582215448
82342090
731808818
1924200780
1568863977
474592790
1997735812
848408989
2021957517
1993391733
1098154376
627487610
1951794303
1857212397
1085295160
960674953
1667088807
2024994513
1260850360
757717226
480980795
1099573860
793111631
1459010983
1257787474
1631705493
1784856323
1841174602
1225252871
1036730857
798169039
1611007369
1946076998
1025643127
1622637187
1192821021
2059593014
1718549772
2146415417
748601521
131970115
688322415
599976815
43682805
679474631
837684926
1142273734
2132132817
128724564
147902199
1261564246
1966500535
1658870944
1112891539
810019243
678207505
2054419726
1465228876
361623649
1759453402
1239796693
1764066560
1125844823
829292361
1948661711
916291501
174787219
2024006567
1478776800
844509596
1220955314
1507936322
254412033
947617947
506216714
672285306
796957416
1677115746
2055236958
242649848
1662083414
193726488
758283581
529307391
1842806780
906280685
2014179575
153859290
1738671883
1354876135
703300157
476462453
512308823
3241659
424015956
655101192
201248039
1506419665
1926612470
1287034094
546229403
963613035
686975685
424343700
375305914
1890733534
1932407404
2079573900
1329984536
1732359678
34638677
1994065601
559852064
223719064
1922879232
646339269
1726049284
14890008
1142355462
1455572294
1083887678
88015435
1305825707
1067878304
2079364289
1417918015
1652950297
42785932
2128387009
1321528391
1002477631
770988789
1881058076
720305179
933731910
2069820395
80377955
1615533340
1080297899
1079745969
350628745
941202612
2047043581
2068241905
1202070055
145805532
6020917
502564111
664100202
1563152567
2142004909
1334873242
608609434
1444302172
1297962431
2024942303
10552903
1522746545
439157243
1610304920
1125843474
1010911346
2111162116
332385730
853689621
1346696017
158757383
1909640844
245531376
738872888
1868278489
2081282411
1845269873
1194854314
198743213
890005834
1718070495
828079943
1967554670
552580831
1103690467
264423278
1822894783
1823062041
220914196
1969872637
1784848269
1397449909
1598247966
1568834867
584154445
180449776
428451982
787622327
643166679
110876503
639030844
1645714098
340880095
1672449722
1829738837
442643222
887788556
262611263
881242115
350120706
1794563254
722318226
1715337148
133680190
1595170625
2083087162
1242551588
1835953377
313828369
1077208839
649523360
1711157778
1529240104
72713384
465629560
278412523
2033434467
1730776409
1599701416
1769145209
1397559886
1881017
1004897347
1304147936
2048001951
1710402745
549128325
393985948
1594023254
927837616
1832985459
1282350306
181486958
494762380
789281329
1983171620
231932480
1421659940
616031968
1888499636
891006581
407775912
1292976689
327353216
929090214
969272378
450952075
1157141243
1034078866
811537814
1518979541
1555090205
1850178555
1754853611
564158176
724415104
2038284573
1487868622
2128324468
1908388267
822622412
954353988
2021966326
545674604
1267469865
1176513021
1772582323
863475038
1171966464
192942496
356947147
526237835
251764674
644318785
2003063484
1130123818
332812314
924126960
1147484554
2098073737
1407277869
1257222763
1087702920
148043782
1166466163
1886023411
679436230
596284471
1170934317
682499388
1220728600
249530666
245691010
2125549693
1973651390
663957190
1562488890
1292690856
470480309
839139408
272888085
483726260
1349889433
43631114
372197321
1797910293
1286318133
501964533
208429975
2117038669
2007440553
563257528
1502275465
1808547228
958270263
111444889
1672952650
101670867
1356688042
134809767
78008226
1972410951
233407075
1499367418
891220108
1587786208
415603457
2029036819
419946229
837713745
1610469292
1420224349
1775995923
1023053922
1353738750
1825380565
72740960
651578472
587256463
274181317
2092865586
1155968471
313835548
384340139
855154681
1405731566
391966548
2038229305
1713633812
683362192
938822974
1500667254
850851920
1550830131
410852937
647672322
1127002878
1307569649
860244978
1249810038
307529647
1774484412
1950589708
752658153
278432142
1893536943
756051119
1375716240
1725193563
237401983
694709183
1188561021
657693440
1994550032
1273882904
1928564616
1856401105
1604485156
319559763
698951243
292344933
1466432558
673103672
1802822
782525707
654204741
611101120
1431686436
1330271211
1095440180
781259973
1320862485
476238267
1898189230
1749604680
24943962
798011930
1667760030
853197407
1878123231
1962658957
61750173
2082412473
2138792194
177353491
68248957
505480911
326217330
1058535526
745989378
940913833
122993202
1689968593
1550230961
193684042
1952319677
714797224
522812864
552971706
1690198340
1284409193
2040123948
964598190
324652307
133701230
318319082
575645141
1575021329
695052363
928416309
24961473
114604390
1825895882
364664326
1667662960
1970411319
638992768
999975586
120074871
1423204492
1262328587
281973581
1379810506
1441965651
1802865643
896581148
25412138
395388030
1146155003
1194965992
1018248491
1140373575
2113903499
2099336542
1748084961
543176851
1458112794
600268596
1902119
1771025012
1096935605
361013110
1762241419
1652796361
912591590
12285438
2094164441
618049024
1812316507
1934449154
1493577539
697924348
358182677
706305736
320238378
1076260370
225944137
1480135028
1445221515
2105715500
59486679
913580545
2082534665
438820368
946370660
2100848974
108280466
398158779
641623830
1902837328
1378206129
1214519271
1654508011
935341158
1261857392
1950171308
225621943
1980972234
253069800
653718083
583387064
999564579
1568893543
1378104549
946095831
1051741495
845374524
338499281
499402366
326942141
479885601
1718621293
2133098256
1513826896
448527430
1190568068
850239497
1752721536
1553232118
358264494
249186228
660211203
1899719144
1127694797
1178893443
806998025
1054331685
1021059251
1909137934
1737047469
1213116560
1729950433
1953465259
1608765319
206240535
1964386155
1005760166
878089822
1225647733
1757816823
1740371485
1284780795
736197025
696220132
1754110587
1538244888
1987838934
1537249159
614608527
1768832888
650221632
264776592
1016919112
1734682384
783899200
2030655627
937495311
750125923
903808092
1200625283
503769537
388103659
651539398
1876426945
1826963015
1940745907
327656071
1479036338
1050275028
1530569730
646912584
1788652262
2060552379
1501836081
1040157117
1337497396
1037517035
1775387806
1172981423
1283128572
1952242184
298544313
2129208996
2034364037
2081026086
1459143739
1597093932
1487570564
945510948
2015236471
1708558027
1964445374
1154427043
729937097
1284010878
281390788
644307618
734997035
1929432044
2038695133
919929272
1299648998
1625123370
305146627
1958686701
932106852
1908590379
528337411
1647618356
673416484
1487702466
452852935
839709321
1914110152
2031336534
1632822705
2121070755
1625158217
1067086625
585365533
1064118358
1980831562
853495076
1467357193
1419932297
147753865
2090326443
484102609
1688819151
1149582194
1773636728
1234963474
174696355
588492238
1591315087
37598641
171669317
1581545113
1862154654
1485115892
1560347691
29738224
580000774
944596173
575627814
1574870569
843195274
1458299191
343868691
1803253757
1962558611
891345849
1536626234
1557464032
1563276317
1580360456
35247430
772742514
64281154
19693770
1583793889
869985805
1979949921
1166378100
1011700459
981890942
490437099
1319688788
237913176
1863636945
1833358025
1615925419
2135194788
555595846
1361106541
1614925042
386116851
476543328
298471540
1258066749
529221320
1133956635
1721085941
1553424829
1888845410
1795659837
822510185
319439456
1487788206
1460533189
1266512695
1949897875
1970822893
1755029376
674265562
835776807
1896493540
1437900987
1845461169
1810147921
929420986
23068691
1563455075
522848716
800667505
1274250600
732044268
754028313
1453388036
1172265200
2100584777
864849894
2031364377
2073370471
849085116
1911667853
1414907234
1508861796
2033969340
657337011
301694614
582572488
1451863165
2108762129
493414664
1438891855
127542039
904083279
161754337
1265864008
1918054741
115128588
1691076606
1258769249
1946866205
1301734139
491803496
1679017116
2108676471
582600487
1376446060
218994014
1050123835
794053974
284709207
2134657190
2102678620
2104959116
174787024
1280104027
1948942795
284799655
1938375378
2114221245
1769510921
381720615
814369348
175230718
1246387276
399416848
352183862
227136234
251816013
90053608
538577850
1702782913
1511959980
1918247900
406251869
1282441253
1279362561
1959219967
1759960897
897849646
1568110976
1775641522
35102424
468965531
1523222088
599049246
1577274431
2041256996
188109384
2049741534
1930173236
323513323
480072142
584549306
1938457014
374825488
521505966
1487654542
1472051768
1127233891
459557899
1862298186
521138049
1868322101
996842181
1356264978
1364921379
1925329991
356065919
1109381766
2087765909
1984979172
706776907
2146913564
1568156400
1032196107
318522357
447143848
442263363
1446068676
214419689
1050912253
1630304147
2116375699
418119617
15944622
126396530
2057969162
1245169007
1903350766
716357434
940751481
180899076
2123283861
52894438
1248617921
2061507867
137504067
1081133198
1034473287
1500527076
187344799
282076542
153910020
998614480
622388665
1810581745
526442936
8782550
1734454670
565776239
1995645502
684244577
999418025
1523270080
65222139
1061605846
1969722086
178909580
1737800304
1416741317
1884560210
1874445713
1607565807
1348674987
468758830
399019903
910114155
1210098273
581115667
1886856563
525119848
826597670
532280879
1022171406
640682001
530361668
1219554221
640845362
844558952
1238368865
607808051
584438616
1925343896
1872852324
792295813
1086774673
273877350
2051736065
740769350
657369623
103284934
212199139
915502047
1562531727
771878282
1035721333
2123588216
1325508830
121360949
1471840845
1434514212
1924998053
209693934
732346166
1167303705
684022874
738278032
2117844953
2086879004
597993988
1994430686
884689927
259019771
752753555
2139068884
330668710
1764006196
1983916249
925874712
2057163829
328037556
1359427881
248237200
469058557
383192761
1603516811
45059341
462993878
944926936
1018764441
976251940
2112224915
834097947
946257401
408815133
933487883
1467636034
1514226550
881186565
1853235653
1520083498
1062385085
199024094
1422832447
576039755
1642146482
199950583
761349339
182364764
627014509
2046764374
498701927
1336319761
1911103445
1815087953
1818006087
336887556
1383197142
1801265724
1030511681
1759575474
1348729410
610510140
1807893221
79663772
309455170
1953461050
1484135831
481722253
277396599
1444164596
1048133946
765573372
866968753
835877933
1407440251
1895346823
130489674
368427781
1098249399
422392223
1251583776
309533283
1060806794
100231235
1139013934
717077646
567358709
14006757
1321377991
2022023387
1329767467
1504881769
221948782
2451841
1326605560
706324299
406557780
357047432
1678745039
421479135
1842892654
1361328608
1844033134
389810612
1822927923
45146254
357833264
307015186
935717359
2106774785
1245156591
499701155
1182070727
21650051
883709075
1104133422
443972170
1955066315
1709062460
1058805374
1351766191
1738354351
506314248
1113891425
15594417
366999286
343565441
222636236
881108996
1000971340
203959462
363041052
802561650
1786798926
448807828
2025782391
1348516759
504441285
1940239057
1355998289
1817600309
336068080
47807030
429285131
902705973
565287162
869670518
822070453
1512272443
1505545867
1170298447
1622625780
1926833636
1636967291
456335435
1973847807
953938079
1101585824
205269811
473583811
418842405
572784328
1909070609
559094311
912713110
838253762
547804385
1537923946
1044642866
167192727
1488493268
1673764263
766062000
666818263
897278784
123713658
1352505662
19168013
1669887015
2033518525
1585891862
630622292
1661463905
1746828140
31459001
231606531
1488489321
916685735
1975851468
357695363
829721794
1784871637
1479184011
255246914
56574980
1256673252
419625710
1971971264
718635143
449041071
78680407
135421895
1886623658
1891050617
479974388
1284885175
1269201089
789376662
255583159
1003395071
1458165145
1706631465
250250479
2144102056
917244328
1774787592
606442371
968268555
1114704342
1995129788
1577140427
1459261603
1406682850
1142138020
1714033931
200398589
1698565235
1389127224
176901773
555879372
2020574908
195752043
220059738
528417817
905001162
365872426
472756885
548476567
1632259437
157102082
1445414515
493648148
860081344
767364574
1633402842
444842764
649158743
1309150957
1505961621
1420740440
1338634245
1020982434
1848938802
471865092
1676738887
1921281493
1064856441
2132188990
615932753
363483911
1268673161
1253962857
325079474
1761027267
2126538896
453442641
455923622
1012780575
1500840486
1305201018
439999992
1948241250
1749577543
1185716625
1078979986
320996543
205500907
750848260
776097955
1935578432
307352644
9940397
1893194859
1921402302
1753518228
1093626537
567954854
1883904012
1989500072
1824059207
1973338514
1869467188
1802334964
723776284
968390047
1020150233
397349708
1004724532
187668403
1947373500
1913902397
118015075
2049478935
1995258202
1605862918
386950841
587519489
432176817
644394038
2035856915
1481434046
1901810211
424635107
1993449422
1975760764
1562404980
38608516
2106963351
1853794225
1313801966
1745005932
442502494
979446316
1456558500
386999779
1125314153
965390518
201194451
2089280483
1627061637
113075812
379542628
2032998508
1128512087
2133276540
1482688653
1828793476
458047440
48442882
389756568
1974147535
576739775
1285541086
1005669052
419656390
29172096
817345451
2095386663
274035863
1414624210
2136241438
155992093
1422466202
1470607815
378022417
1902516538
928963435
1827888852
2135485227
26536147
1049960360
1655197192
461503278
1944291451
450466376
1944203354
1050741725
1137570209
485195414
1076721178
1505929096
1530145111
737312713
153064842
797403446
1733355053
1944333890
1253828742
306990445
360804924
1904551522
553874270
882574752
264399679
595419909
727779012
1271650358
1612522203
490571166
453529313
379664179
1526431999
1483884015
1660256642
1975375749
1184131686
505209702
2015657327
1155052269
1065405753
1689981455
166808796
773783176
808031698
1389788474
2055281913
334151673
1279323548
880515498
1018289316
7686965
519915030
2014912887
25154622
1377276651
947048950
130364289
624142491
564057486
72363626
2088415377
35674899
1574621440
1418534521
1630605325
1382021301
1282623197
828791432
89818712
217500316
1994734432
862950905
888665796
271579481
2011494646
1958018286
632277813
1745073551
1072202333
1291291692
1405905747
990255006
669957497
1596179738
291024235
1541343351
1515339955
1767399400
1348221667
331261327
389762318
2102050252
1964999256
1892069871
733159112
1454439783
905867606
1763231335
1746099881
79016774
223006643
2034373347
925834731
1081567365
1387443848
2117640917
1874814661
223748495
439172301
1831548626
66325398
2054377216
372708240
1831068985
136969899
1802283691
1808427986
1091490830
1280515245
790667959
463020030
1597603301
540013482
508761316
1799731975
317985785
666546366
594754540
1514641180
1422241628
61537885
212848900
1248849419
918365001
208485696
672433025
927552815
1475568277
149168618
1857816728
1466482455
1634830916
1685217494
1515463998
1054784693
1585169208
2042278719
1399141422
1542019136
1810058500
64953995
86297097
846365607
1217733599
728565845
489896343
1835840689
1648350132
355614998
1151195691
1314842806
1522674262
1217384303
670831141
621472243
1463655121
186770965
77285265
917262478
1128416220
1432424025
9304301
1534875943
918006634
1440166227
221536265
1502497559
855925087
1866713514
865673478
1062848584
480762720
2083858435
232957824
1241776305
1293745091
886133764
960623560
1766744940
43046310
1348973572
2052176458
